0.0 23.0
0.0396 18.43646193696366
0.0792 13.684564705609736
0.11880000000000002 8.7324008897760077
0.1584 3.5670378128154048
0.198 -1.8255952364719916
0.23760000000000003 -7.4608349982323734
0.2772 -13.355429907955328
0.3168 -19.527706348511394
0.35640000000000005 -25.997758963711981
0.396 -32.787669196593619
0.43560000000000004 -39.921757059721891
0.47520000000000007 -47.426872186442154
0.5148 -55.332731503910566
0.5544 -63.672312479567609
0.5940000000000001 -72.48231291241089
0.6336 -81.803690787641045
0.6732 -91.682300945660245
0.7128000000000001 -102.16964944509654
0.7524000000000001 -113.32379180942189
0.792 -125.21040822563589
0.8316000000000001 -137.90409774401945
0.8712000000000001 -151.48994534860901
0.9108 -166.06543146312734
0.9504000000000001 -181.74277449096164
0.9900000000000001 -198.65182545741936
1.0296 -216.94367276801648
1.0692000000000002 -236.79516898354504
1.1088 -258.41466699381272
1.1484 -282.04936011000916
1.1880000000000002 -307.99477486349582
1.2276 -336.60719091545366
1.2672 -368.32009809768692
1.3068000000000002 -403.66630921978947
1.3464 -443.30813399141545
1.3860000000000001 -488.07926409450391
1.4256000000000002 -539.04403879296137
1.4652 -597.58312996032589
1.5048000000000001 -665.52048846843138
1.5444000000000002 -745.3167536489716
1.584 -840.37359924636087
1.6236000000000002 -955.53109045508745
1.6632000000000002 -1097.9177137121781
1.7028 -1278.4838821742978
1.7424000000000002 -1514.9591164484204
1.7820000000000003 -1838.0566076927407
1.8216 -2306.0153449890176
1.8612000000000002 -3044.3115087905612
1.9008000000000003 -4381.8757876110585
1.9404000000000001 -7542.335252458297
1.9800000000000002 -24015.398928038201
2.0196 -44817561.082652591
2.0592 -44830367.640047349
2.0988 -44833236.446278729
2.1384000000000003 -44834493.731015265
2.1780000000000004 -44835199.000301391
2.2176 -44835650.243159369
2.2572 -44835963.727246806
2.2968 -44836194.171222784
2.3364000000000003 -44836370.706727825
2.3760000000000003 -44836510.267195694
2.4156000000000004 -44836623.366869524
2.4552 -44836716.879006207
2.4948 -44836795.48624786
2.5344 -44836862.488893755
2.5740000000000003 -44836920.279910587
2.6136000000000004 -44836970.636675656
2.6532 -44837014.90695776
2.6928 -44837054.131316587
2.7324 -44837089.125912115
2.7720000000000002 -44837120.539899074
2.8116000000000003 -44837148.896063432
2.8512000000000004 -44837174.620144375
2.8908 -44837198.062354065
2.9304 -44837219.513414398
2.97 -44837239.216674119
3.0096000000000003 -44837257.377380297
3.0492000000000004 -44837274.169854395
3.0888000000000004 -44837289.743105389
3.1284 -44837304.225263163
3.168 -44837317.727111667
3.2076000000000002 -44837330.344928101
3.2472000000000003 -44837342.162782133
3.2868000000000004 -44837353.254411258
3.3264000000000005 -44837363.684760749
3.366 -44837373.511256151
3.4056 -44837382.784861013
3.4452000000000003 -44837391.550960951
3.4848000000000003 -44837399.850106433
3.5244000000000004 -44837407.718639977
3.5640000000000005 -44837415.18922817
3.6036 -44837422.291314945
3.6432 -44837429.05150944
3.6828000000000003 -44837435.493919127
3.7224000000000004 -44837441.640437052
3.7620000000000005 -44837447.510990396
3.8016000000000005 -44837453.12375626
3.8412 -44837458.495349698
3.8808000000000002 -44837463.64098794
3.9204000000000003 -44837468.574634396
3.9600000000000004 -44837473.309125155
3.9996000000000005 -44837477.856280528
4.0392 -44837482.227003545
4.0788 -44837486.431367271
4.1184 -44837490.478692293
4.158 -44837494.377615683
4.1976 -44837498.136152543
4.2372000000000005 -44837501.761750989
4.276800000000001 -44837505.261341438
4.316400000000001 -44837508.641380787
4.356000000000001 -44837511.907892197
4.3956 -44837515.06650091
4.4352 -44837518.122466557
4.4748 -44837521.080712408
4.5144 -44837523.94585184
4.554 -44837526.722212315
4.5936 -44837529.413857214
4.6332 -44837532.024605677
4.6728000000000005 -44837534.558050662
4.712400000000001 -44837537.01757548
4.752000000000001 -44837539.406368837
4.791600000000001 -44837541.727438636
4.831200000000001 -44837543.983624615
4.8708 -44837546.177609935
4.9104 -44837548.311931826
4.95 -44837550.388991378
4.9896 -44837552.411062539
5.0292 -44837554.380300432
5.0688 -44837556.298749022
5.1084000000000005 -44837558.168348171
5.148000000000001 -44837559.990940206
5.187600000000001 -44837561.768275954
5.227200000000001 -44837563.502020359
5.266800000000001 -44837565.193757683
5.3064 -44837566.844996348
5.346 -44837568.457173407
5.3856 -44837570.031658702
5.4252 -44837571.56975878
5.4648 -44837573.07272049
5.5044 -44837574.541734345
5.5440000000000005 -44837575.977937691
5.583600000000001 -44837577.382417619
5.623200000000001 -44837578.756213725
5.662800000000001 -44837580.100320674
5.702400000000001 -44837581.415690593
5.742000000000001 -44837582.703235336
5.7816 -44837583.963828571
5.8212 -44837585.198307782
5.8608 -44837586.407476097
5.9004 -44837587.592104048
5.94 -44837588.752931215
5.9796000000000005 -44837589.890667751
6.0192000000000005 -44837591.005995832
6.058800000000001 -44837592.099571019
6.098400000000001 -44837593.172023557
6.138000000000001 -44837594.223959573
6.177600000000001 -44837595.255962223
6.217200000000001 -44837596.268592775
6.2568 -44837597.262391619
6.2964 -44837598.237879232
6.336 -44837599.195557073
6.3756 -44837600.13590847
6.4152000000000005 -44837601.059399419
6.4548000000000005 -44837601.966479354
6.494400000000001 -44837602.857581869
6.534000000000001 -44837603.733125426
6.573600000000001 -44837604.593513981
6.613200000000001 -44837605.439137653
6.652800000000001 -44837606.27037327
6.6924 -44837607.087584943
6.732 -44837607.891124606
6.7716 -44837608.681332521
6.8112 -44837609.458537735
6.8508000000000004 -44837610.223058574
6.8904000000000005 -44837610.97520303
6.930000000000001 -44837611.71526923
6.969600000000001 -44837612.443545803
7.009200000000001 -44837613.160312235
7.048800000000001 -44837613.86583925
7.088400000000001 -44837614.560389169
7.128000000000001 -44837615.244216189
7.1676 -44837615.917566732
7.2072 -44837616.580679715
7.2468 -44837617.233786859
7.2864 -44837617.877112933
7.3260000000000005 -44837618.510876037
7.365600000000001 -44837619.135287821
7.405200000000001 -44837619.75055375
7.444800000000001 -44837620.356873289
7.484400000000001 -44837620.954440169
7.524000000000001 -44837621.543442555
7.563600000000001 -44837622.124063261
7.603200000000001 -44837622.696479939
7.6428 -44837623.260865241
7.6824 -44837623.817387022
7.722 -44837624.366208486
7.7616000000000005 -44837624.907488361
7.801200000000001 -44837625.441381022
7.840800000000001 -44837625.968036674
7.880400000000001 -44837626.487601481
7.920000000000001 -44837627.000217684
7.959600000000001 -44837627.506023757
7.999200000000001 -44837628.005154513
8.0388 -44837628.49774123
8.0784 -44837628.983911768
8.118 -44837629.46379067
8.1576 -44837629.937499292
8.1972 -44837630.405155875
8.2368 -44837630.866875663
8.2764 -44837631.322770998
8.316 -44837631.772951387
8.3556 -44837632.217523634
8.3952 -44837632.656591885
8.434800000000001 -44837633.090257719
8.474400000000001 -44837633.51862023
8.514000000000001 -44837633.941776119
8.553600000000001 -44837634.359819733
8.593200000000001 -44837634.772843167
8.632800000000001 -44837635.180936307
8.672400000000001 -44837635.584186912
8.712000000000002 -44837635.982680656
8.751600000000002 -44837636.376501232
8.7912 -44837636.765730351
8.8308 -44837637.150447853
8.8704 -44837637.530731723
8.91 -44837637.906658165
8.9496 -44837638.278301649
8.9892 -44837638.645734951
9.0288 -44837639.00902921
9.0684 -44837639.368253976
9.108 -44837639.723477244
9.1476 -44837640.074765503
9.1872 -44837640.422183774
9.2268 -44837640.76579567
9.2664 -44837641.105663396
9.306000000000001 -44837641.441847824
9.345600000000001 -44837641.774408504
9.385200000000001 -44837642.10340371
9.424800000000001 -44837642.428890474
9.464400000000001 -44837642.750924625
9.504000000000001 -44837643.069560803
9.543600000000001 -44837643.384852521
9.583200000000001 -44837643.696852148
9.622800000000002 -44837644.00561098
9.662400000000002 -44837644.31117925
9.702 -44837644.613606155
9.7416 -44837644.912939899
9.7812 -44837645.209227681
9.8208 -44837645.50251577
9.8604 -44837645.792849489
