City_No , City Name ,   Number_of_Roads, 

   From City_No  , Distance  , From City_no  City , Distance(miles),  .....so on for all roads into it ..  
                                 

 1    , 'CITY-A' ,       3  
 2 , 12.2        ,     6 , 17.5      , 12 , 20.8    
             
 2    ,  'CITY-B'   ,   2
 1 , 12.2        ,   3 , 18.1     

 3   ,   'CITY-C'  ,   2 
 2 , 18.1       ,    5 , 24.5 

 4   ,   'CITY-D'  ,    2
 6 , 16.5  , 8  , 18.9 

 5   ,   'CITY-E'  , 2 
 3  , 24.5  , 8  , 11.6 

 6 , 'CITYEF' , 4  
1 ,17.5  ,   4  ,16.5 ,   11 , 8.3  , 7 , 16.1 

 7  , 'CITY-F' , 3
6 ,16.1  ,  10 , 5.1  ,   15 , 34.9 
 
 8 , 'CITY-G' , 3 
 4 , 18.9  , 5 , 11.6  9  , 14.0 

 9  'CITY-H' , 2   
 8 , 14.0  ,  15 , 22.7 
 
 10 , 'CITY-K' , 2 
 7 ,  5.1 , 14  ,  4.9 

 11 , 'CITY-L' , 3
6 ,8.3 ,  12 , 4.4 ,  14  , 15.9 

 12  , 'CITY-M' , 2 
1 , 20.8 , 11 , 4.4 

 13 , 'CITY-N' , 3 
14 , 25.5  , 18 ,8.8    19 , 24.3 

 14 , 'CITY-P' , 3
10 , 4.9 , 11 , 15.9   , 13 , 25.5 

 15 , 'CITY-Q' , 4 
7 , 34.9   , 9 , 22.7  , 16 ,18.8 , 17 , 15.4 

 16 , 'CITY-R' , 2 
15 , 18.8  ,  20  , 19.7 

 17 , 'CITY-S' , 3 
15 , 15.4    18 ,  13.1 , 20 , 28.8  

 18 , 'CITY-T' , 2 
13 , 8.8 , 17 , 13.1 

 19 , 'CITY-U' , 2 
13 , 24.3  ,  20 , 44.5  

 20 , 'CITY-V' , 3 
16 , 19.7 , 17 , 28.8  , 19 , 44.5 









