0.0 5.0
0.02666666666666667 1.136310699571073
0.05333333333333334 -2.8333757687765093
0.08 -6.9134819524479596
0.10666666666666667 -11.108679897529623
0.13333333333333333 -15.423908994714122
0.16 -19.864395379203653
0.18666666666666668 -24.435673044784107
0.21333333333333335 -29.143606851417211
0.24000000000000002 -33.994417627468138
0.26666666666666666 -38.994709592474969
0.29333333333333333 -44.151500354646359
0.32 -49.472253769599796
0.3466666666666667 -54.964915983878463
0.37333333333333335 -60.63795502928145
0.4 -66.500404382923293
0.4266666666666667 -72.561910964288373
0.45333333333333337 -78.832788105653179
0.48000000000000004 -85.3240741076538
0.5066666666666667 -92.047597079319189
0.5333333333333333 -99.016046863783458
0.56 -106.24305496979429
0.5866666666666667 -113.74328356826507
0.6133333333333334 -121.5325247763724
0.64 -129.6278116438157
0.6666666666666667 -138.04754248261631
0.6933333333333334 -146.81162045032161
0.7200000000000001 -155.94161061540683
0.7466666666666667 -165.46091711378415
0.7733333333333334 -175.3949834599658
